0.352817019548771    0.002532269312214682
0.39405882546426546    0.0026192469214177186
0.5050536594132589    0.0026126894462635514
0.6125811947747182    0.002607600540021652
0.7224251786917747    0.0024278089304541083
0.8524008022653052    0.002423755106955081
0.9784072517078398    0.0024203820918383785
1.0916606852128157    0.0021774535565178017
1.561105093573443    0.0019540029681200193
2.1110262944646854    0.0015801280208446627
3.2708060324600137    0.0009995436350231069
4.180339571463742    0.0006792955354584765
5.0548366533420745    0.00044607438965676885
6.292788568907503    0.00036102496053179466
8.720657522579467    0.0001920342005648692
10.544956583740609    0.00012610349154199
13.850512660846173    0.000082739474333871
18.66272320006768    0.00004105577748974046
25.80377079903435    0.000015953724104240647
31.13807004898596    0.000007925149177719502
39.776512272653534    0.000005023005548254114
45.50520325540208    0.0000031871588891224225
52.09884079653774    0.00000224540640566188
61.28419170680492    0.0000014749063592655702
68.11664552174514    7.862732318895052e-7
86.92500750306793    4.3343913615871077e-7
120.30853051888043    1.9364999899097612e-7
161.94295657042287    8.357520337092204e-8
195.32094520290227    3.8718811717729834e-8
248.93496197957643    1.7927704125408927e-8
325.719479051052    6.9703469374818484e-9
515.8704559514595    2.0461347160976276e-9
769.4501957797851    3.0974083716492533e-10
1007.8174520684698    1.3846173435084766e-10
1636.1920179808144    2.768434727794972e-11
1865.1608549888174    1.0778760284893558e-11
2580.8163202551655    4.6505872356796104e-12
3031.957384795244    2.5658148270940965e-12
