0.3559429307244254    0.008385879731406998
0.397448643883831    0.008376534412507991
0.5092681335019063    0.008068850166818386
0.6175351185405377    0.007776802168673868
0.7286393671948219    0.007763805957140945
0.8592937518951982    0.007228063811777245
0.9329216903752107    0.006734920490502885
1.070557566592321    0.006494773343273363
1.530143835939942    0.0054346851598592255
2.1280915217061334    0.004710521614752692
3.2108421745833526    0.0034259785042331427
4.221655408930656    0.0025838585791637023
4.972295502638207    0.0020202273977339468
6.188443126784099    0.001578663787450059
7.097808695619465    0.0014196943626847939
8.597962572196892    0.0011899579830726894
9.585843857020537    0.0009639808967915991
12.260805728274146    0.0007272330320185139
15.451697332231353    0.0004771848717712518
19.47302287779523    0.0003131120174991564
23.55259625145193    0.00021284211155066005
29.283255876621503    0.00014464196658419475
35.44522187199687    0.00010917962884764866
45.30158905750108    0.00007417495809023256
57.85438075857432    0.00004538198962818032
73.8854738342529    0.000027765772110135623
91.79239772707723    0.000016992490687216078
117.13767616004877    0.000009362542234062771
176.1949946630741    0.000004478695423821474
279.2673303869576    0.0000014583857299779447
430.92775005593575    5.274773551182958e-7
848.3356254994578    1.0150999935089421e-7
