44.673972302309956   3.5017395067649484e-9
89.07704859179395   6.11421940489557e-10
109.44509639542368   3.4045456334472284e-10
183.29320320747058   9.36202432714056e-11
221.73407483002617   5.80375745671901e-11
285.7837772549427   3.007503426524221e-11
424.9216181862761   1.115076223535001e-11
539.0003894751418   5.918457316942159e-12
961.684036910678   1.3443211968200356e-12
1452.3585812499698   4.5305777555824157e-13
2828.1400151473017   8.600332993584396e-14
5640.469830487065   1.5749483405155377e-14
